# Positions 

adk_start <- 113308 # changed from 113309
adk_end <- 113809 

atpA_start <-  4061001 # changed from: 4061331. Changes based on list.string.diff results maybe needs to be complement 
atpA_end <- 4061885

dxr_start <- 2467243 # changed from 2467202 
dxr_end <- 2467612

glyA_start <- 3163193 # changed from 3162858  
glyA_end <- 3163372

recA_start <- 1540059 # changed from 1540060
recA_end <- 1540622

sodA_start <- 1889925 # changed from : 1889943
sodA_end <- 1890392

tpi_start <- 3707617 # changed from 3707121
tpi_end <-3707624