# Positions 

adk_start <- 113309
adk_end <- 113809 

atpA_start <-  4061331  
atpA_end <- 4061885

dxr_start <- 2467202  
dxr_end <- 2467612

glyA_start <- 3162858  
glyA_end <- 3163372

recA_start <- 1540060
recA_end <- 1540622

sodA_start <- 1889943
sodA_end <- 1890392


tpi_start <- 3707121
tpi_end <-3707624